function forwar1 = forwar1(t,y)

a11=0; 
a12=0;
b11=0.1; 
b12=0.1; 
g11=400;
g12=-(20-t)*(20-t)+400;
 
a21=0; 
a22=0;
b21=0.1;  
b22=0.1; 
g21=400;
g22=(-(100-t)*(100-t)+10000)/10;
 
 
forwar1=zeros(3,1);
    forwar1(1)=-a11*y(1)-b21*y(3)-b22*y(4)+g11;
    forwar1(2)=-a12*y(2)-b21*y(3)-b22*y(4)+g12;
    forwar1(3)=-a21*y(3)-b11*y(1)-b12*y(2)+g21;
    forwar1(4)=-a22*y(4)-b11*y(1)-b12*y(2)+g22;
